710
640
10
544
316
421
369
38
410
679
312
482
687
944
588
393
33
592
556
534
981
900
286
910
8
339
779
450
838
725
206
459
961
790
697
113
901
2
656
540
729
192
138
551
160
372
646
962
17
512
954
591
851
531
801
687
461
556
718
830
526
96
236
940
944
811
753
637
442
955
122
940
758
683
488
395
991
631
283
38
200
531
750
921
281
585
891
38
3
403
776
828
591
709
859
756
353
951
698
286
771
818
886
908
207
136
977
197
196
705
741
21
878
794
543
610
663
153
180
282
634
839
34
468
922
717
970
108
318
715
748
139
535
300
77
646
597
254
381
53
375
449
643
143
314
933
397
500
972
497
834
339
858
81
963
454
830
216
313
258
469
326
280
723
272
684
901
720
648
766
404
275
248
663
318
932
742
835
768
110
770
753
103
193
610
905
499
706
213
941
641
304
710
873
598
552
404
727
112
300
584
959
679
159
422
485
476
52
200
181
809
943
807
3
10
660
403
574
738
360
85
964
321
941
147
396
700
121
940
296
309
384
364
378
765
449
554
992
840
999
161
675
831
185
884
660
659
389
181
376
937
536
351
838
961
464
154
262
980
606
8
661
333
38
454
822
151
105
28
907
207
797
369
812
611
3
225
854
931
394
392
928
583
266
267
451
786
931
77
560
61
631
623
502
871
925
284
884
787
767
740
588
923
143
303
808
316
549
869
49
553
988
987
798
557
102
441
402
259
837
530
169
960
340
923
372
155
541
327
179
20
828
778
35
875
491
949
976
346
119
514
653
262
851
656
881
433
508
137
628
692
438
98
530
388
253
626
231
962
214
487
580
351
126
45
193
31
202
489
580
725
529
206
713
640
728
821
794
949
165
202
240
941
358
636
803
985
178
109
982
379
639
476
519
286
718
103
342
136
397
148
211
174
276
346
917
281
193
179
480
769
503
373
991
943
285
434
939
551
835
332
98
806
42
437
147
184
341
94
705
13
98
886
950
876
606
990
826
857
960
858
140
787
868
970
808
873
43
586
450
351
928
375
530
419
783
19
945
637
481
819
379
30
395
863
669
640
912
9
480
118
500
794
462
757
586
737
724
524
984
157
570
40
378
973
567
11
52
910
880
398
76
894
867
868
671
46
262
504
106
701
718
826
420
122
461
431
971
466
715
231
60
179
320
738
783
680
905
381
338
230
945
146
741
358
82
982
213
69
884
134
781
944
93
52
162
483
874
415
478
372
628
106
591
956
751
494
265
702
183
105
497
371
691
489
611
68
575
676
839
138
245
194
743
971
796
717
997
22
764
319
850
24
952
341
962
295
700
747
318
600
913
144
218
228
391
963
968
769
539
30
500
894
778
202
786
670
892
748
261
848
684
374
977
574
350
673
619
206
266
401
728
54
713
697
19
899
877
33
611
91
342
669
444
480
474
912
380
512
620
153
658
348
977
277
266
598
359
149
379
967
567
289
189
95
908
45
21
518
4
626
20
250
455
832
519
546
350
236
215
627
93
485
955
873
476
651
805
256
690
129
123
827
979
402
383
645
701
10
409
422
117
63
891
352
527
232
405
474
677
12
194
189
367
838
523
278
572
280
130
60
160
982
866
74
439
428
205
974
929
498
965
219
887
591
368
851
613
428
382
154
520
778
205
335
833
391
791
388
682
644
761
177
297
691
615
427
139
752
999
475
611
421
307
252
707
154
347
93
642
60
794
208
198
229
816
249
596
93
560
67
478
152
666
360
964
784
820
648
526
381
556
196
633
305
114
602
528
624
636
772
717
8
585
229
824
990
42
235
95
746
462
379
655
371
797
249
970
798
920
695
609
555
422
464
291
688
970
854
559
802
795
705
583
1
300
80
998
380
421
253
483
157
425
892
934
334
787
836
994
116
26
337
883
674
820
569
290
185
450
558
799
415
296
59
623
78
777
363
647
647
400
614
247
214
746
677
826
464
250
0
125
666
12
238
405
835
422
613
206
421
36
770
738
120
364
660
862
55
225
412
187
199
876
983
588
350
551
543
332
649
251
207
90
688
653
406
719
525
653
821
790
403
271
820
421
267
437
146
732
829
453
68
60
909
263
144
42
308
338
34
779
705
71
575
26
199
253
744
392
697
847
305
435
379
299
467
386
602
637
582
72
71
795
371
728
40
890
1
320
376
361
198
448
73
436
577
244
62
716
501
552
229
861
529
172
909
560
510
497
333
66
616
131
533
725
169
679
553
301
114
310
923
14
283
714
960
60
269
625
918
82
822
584
163
463
308
674
634
631
254
337
594
510
248
28
512
546
509
194
102
25
90
5
92
287
112
675
198
869
898
529
949
920
888
360
235
638
116
557
505
382
667
283
683
503
365
524
615
393
944
808
505
804
194
573
107
470
407
216
779
705
994
187
422
628
390
79
339
120
7
540
483
54
60
735
592
31
745
322
762
700
763
314
506
295
810
822
201
986
462
251
928
159
507
472
910
743
983
430
605
559
926
751
374
951
411
116
471
757
746
463
882
34
988
832
775
907
674
198
220
19
238
484
797
39
742
127
999
98
58
893
249
817
169
960
764
978
966
874
706
865
849
467
750
27
915
201
450
495
410
328
791
657
270
106
392
832
123
377
888
123
48
971
21
280
919
876
317
101
478
482
768
683
422
421
222
679
810
54
291
898
993
938
79
52
528
102
259
780
194
245
785
852
49
656
763
707
178
550
471
658
667
436
666
59
416
590
626
750
903
46
288
870
753
932
334
188
714
480
29
34
850
236
211
611
965
269
315
609
136
203
516
279
757
255
495
753
441
181
675
440
236
626
827
914
672
623
811
649
341
503
567
498
877
190
765
98
668
618
371
484
802
238
748
734
708
484
583
509
687
971
856
941
47
961
987
982
87
195
151
315
585
763
663
757
641
658
823
839
765
534
397
507
72
157
541
86
751
922
418
55
3
215
434
581
312
316
777
242
150
7
464
202
430
37
504
145
935
760
841
428
369
642
712
302
425
872
817
998
319
162
185
799
53
738
519
521
745
675
132
78
972
60
712
391
292
965
735
911
598
97
52
592
96
821
869
245
767
240
807
200
116
820
995
597
925
76
769
983
97
45
684
786
715
226
399
792
626
906
702
287
896
373
768
587
762
976
42
392
816
685
288
555
46
767
120
58
754
636
616
560
319
995
225
718
425
320
339
918
857
245
604
722
675
932
843
805
223
802
874
783
181
342
115
223
821
435
761
236
869
466
338
909
868
580
476
834
271
262
662
346
913
926
409
878
673
292
447
166
302
253
466
138
590
988
920
964
584
745
581
101
414
791
993
748
936
649
84
614
541
149
40
482
458
612
710
869
744
616
523
726
561
70
780
930
659
502
415
370
520
641
636
675
421
707
717
703
218
73
162
754
642
717
919
640
892
295
794
253
560
470
96
373
62
487
239
541
51
245
89
97
14
858
447
592
42
485
884
925
148
749
444
631
568
109
597
355
118
456
645
576
219
526
268
291
606
528
731
108
624
377
509
937
719
157
925
770
13
502
24
397
660
829
900
603
965
110
914
602
778
599
872
596
168
402
153
568
497
8
1
448
48
537
20
979
262
554
446
811
725
78
137
241
891
256
890
480
602
375
252
887
246
19
82
755
974
351
175
285
774
0
560
359
420
469
812
677
770
856
547
530
923
404
837
872
785
230
236
516
63
273
309
545
171
37
275
244
326
40
68
960
446
367
8
859
884
95
855
16
642
127
459
191
239
80
982
538
718
512
156
489
355
275
92
48
400
228
379
167
728
234
418
107
562
694
946
411
239
436
661
117
711
224
806
42
889
115
43
855
338
582
562
549
840
726
154
396
55
961
19
612
644
648
281
908
368
893
365
158
407
231
52
698
617
491
444
11
209
389
269
503
796
480
60
602
460
450
822
725
222
91
746
419
817
632
327
309
384
899
721
534
658
549
702
777
664
599
622
778
422
189
218
762
445
500
420
303
584
838
808
699
262
35
505
572
416
410
774
620
100
369
95
346
153
409
523
201
731
709
283
703
105
748
229
208
677
501
105
452
396
227
296
886
271
465
239
807
961
383
614
523
507
54
797
154
636
465
505
185
132
236
300
362
722
865
251
553
84
57
972
601
736
824
319
383
545
612
748
540
556
591
917
225
100
659
70
270
738
477
722
11
449
157
704
547
89
285
478
574
298
304
108
982
260
782
452
420
420
661
64
939
729
713
837
301
576
215
775
382
981
686
253
558
235
472
991
266
374
160
181
645
382
635
993
811
815
820
583
758
967
123
380
853
592
606
997
161
439
11
10
930
467
900
795
306
82
436
817
976
864
281
712
439
442
234
803
288
298
907
377
526
995
535
815
344
376
997
174
44
624
590
566
338
421
870
515
263
245
329
767
579
273
312
432
765
316
772
643
989
261
579
113
218
281
920
417
694
666
23
151
790
341
289
91
710
187
989
965
573
558
688
120
501
359
95
548
493
813
250
776
314
608
547
311
860
638
863
699
397
702
460
488
303
532
236
234
134
997
56
705
212
283
609
548
308
3
107
44
561
12
620
699
272
363
931
340
842
85
204
28
167
308
491
361
88
878
278
34
611
434
976
376
220
725
212
956
322
508
239
217
272
963
697
530
157
669
260
575
622
141
38
772
626
196
172
955
479
563
824
228
659
436
365
625
5
620
103
871
541
996
16
442
761
448
713
87
946
23
398
8
791
829
789
692
688
429
272
533
645
275
305
478
480
593
942
485
40
744
685
821
719
473
841
335
998
292
533
114
296
577
456
872
701
910
835
11
408
961
895
136
354
901
178
610
488
314
835
226
859
608
380
422
519
68
592
896
782
751
973
817
149
67
347
14
375
880
877
345
593
558
320
650
439
835
154
912
85
663
581
202
135
694
404
59
357
261
181
366
977
121
872
30
827
349
695
58
831
739
110
239
501
181
700
741
330
275
970
62
581
823
356
309
837
520
694
740
329
652
770
832
583
898
399
49
401
398
763
172
756
454
52
467
835
605
899
385
293
550
922
974
274
796
743
985
299
39
282
935
282
961
620
159
896
617
673
864
926
312
919
837
366
34
175
664
283
728
347
100
958
332
793
415
443
772
967
288
155
474
151
510
979
795
405
290
580
15
911
93
140
305
244
844
246
920
512
459
981
564
423
720
719
492
392
154
816
760
660
746
171
555
614
24
161
579
437
713
827
332
280
815
226
946
922
530
42
590
887
110
281
786
141
389
870
640
550
350
800
888
557
733
413
744
238
501
789
930
668
692
501
80
45
575
352
459
312
309
3
724
843
336
752
882
694
793
541
118
660
91
557
939
874
171
776
475
848
358
39
509
225
340
227
971
422
772
670
883
879
376
977
44
252
785
640
228
609
934
387
543
833
162
694
747
396
59
524
450
292
170
767
639
876
80
227
220
186
38
476
916
799
0
109
236
244
266
178
320
359
123
736
499
742
273
267
334
619
174
753
341
745
514
582
991
30
576
630
549
674
165
586
836
119
463
909
726
200
514
583
773
55
449
908
842
314
66
317
541
374
603
855
94
335
52
2
588
735
341
789
412
405
642
496
580
991
892
723
672
299
729
749
788
218
79
895
859
502
341
562
328
974
978
358
619
984
218
68
879
214
966
727
770
996
116
454
668
280
727
957
507
971
504
789
221
239
725
449
416
50
361
707
79
530
779
86
566
937
836
501
360
564
51
531
550
318
932
853
507
722
185
389
630
440
894
32
48
687
179
994
39
957
782
672
225
403
727
999
853
629
120
700
183
56
277
355
418
500
592
603
859
692
25
857
179
955
579
253
829
2
242
946
297
480
492
58
88
521
389
585
369
353
288
816
619
67
867
717
76
229
530
65
370
743
855
35
328
20
8
443
11
799
561
625
725
202
236
983
874
987
878
700
505
592
180
987
525
148
589
203
429
914
410
280
273
298
59
194
686
162
716
348
163
567
560
416
365
428
525
945
376
81
616
33
623
688
98
492
414
28
60
996
653
291
518
271
688
422
334
206
133
470
471
855
973
969
976
533
759
253
959
726
42
956
574
334
121
169
508
595
148
539
903
344
356
815
72
277
622
122
687
7
285
751
970
604
713
542
624
258
420
566
139
24
903
636
261
261
600
428
569
79
711
920
54
95
490
271
520
756
669
743
903
597
493
374
68
915
311
229
328
773
596
743
56
286
881
624
39
460
164
41
602
106
441
587
297
697
134
162
164
843
539
109
845
112
383
731
549
628
47
383
993
792
575
719
398
871
246
225
274
717
421
911
622
587
560
62
657
894
945
89
310
657
833
843
689
984
545
701
661
495
88
996
602
857
845
918
781
661
159
455
417
182
947
735
805
883
878
806
773
334
547
68
653
536
735
50
387
13
540
724
45
484
651
467
147
650
629
558
518
911
596
201
689
769
589
161
559
104
625
390
526
658
532
514
586
31
85
937
972
63
736
265
36
11
912
68
933
378
425
644
544
701
492
527
932
525
164
931
381
275
850
324
410
944
532
259
892
606
75
889
19
599
164
276
899
244
863
249
111
617
463
675
28
719
297
370
458
330
224
512
534
636
488
992
699
265
610
464
587
245
16
161
648
379
898
500
592
800
847
863
609
542
711
169
297
405
649
74
961
895
361
926
906
643
597
651
209
598
639
545
79
612
805
186
828
68
280
242
701
973
634
105
132
627
107
206
375
951
773
622
379
766
367
454
618
505
583
37
834
213
924
709
241
355
994
499
766
91
551
525
578
812
38
645
230
943
626
123
446
925
781
407
495
318
769
399
645
572
743
685
248
752
38
421
336
803
255
350
519
542
295
166
661
278
300
491
234
930
443
512
391
416
137
228
870
760
368
89
963
718
725
612
971
381
64
400
92
498
844
320
453
279
759
5
624
617
12
828
317
325
7
524
249
726
656
758
142
666
932
878
709
957
297
169
529
942
49
463
630
737
672
939
946
525
1
673
835
687
117
248
897
462
502
264
757
72
44
77
497
909
733
908
642
363
578
653
532
34
544
842
533
961
236
375
989
335
275
291
284
399
681
982
5
510
848
699
809
191
891
440
431
729
547
43
58
615
346
231
899
624
838
400
546
128
920
899
815
367
574
538
197
576
886
135
681
237
932
518
767
961
606
975
215
662
350
12
574
913
727
480
327
282
723
185
339
880
692
496
271
340
162
583
189
260
805
986
814
244
684
200
151
552
253
683
201
381
925
958
805
440
434
384
823
871
959
575
50
839
712
22
213
806
39
385
573
706
94
224
299
193
998
714
639
275
247
276
285
852
489
891
295
758
835
798
243
391
345
431
438
311
419
972
577
685
172
697
588
386
297
408
112
350
507
355
377
193
894
569
444
413
762
768
212
714
649
755
684
370
347
948
496
815
911
482
612
961
803
758
402
220
77
507
542
577
347
677
436
820
312
787
661
694
504
647
725
604
718
158
320
472
3
267
607
622
170
633
573
218
138
833
879
344
684
896
420
572
389
717
513
115
814
794
536
697
138
536
625
636
0
856
409
425
786
631
851
150
765
609
333
568
658
514
44
110
788
593
890
94
11
309
71
254
760
629
909
253
898
771
169
539
808
32
751
558
208
462
237
102
384
233
3
564
43
344
848
86
646
483
873
734
787
613
430
165
397
972
469
26
982
943
540
487
110
815
153
493
981
816
468
558
602
42
79
748
12
428
940
289
97
168
136
990
870
973
606
920
631
608
448
743
95
132
314
337
690
972
39
991
320
935
640
654
349
908
297
801
487
661
358
949
175
352
455
349
540
59
848
111
180
265
620
270
373
747
299
929
219
144
609
877
946
616
545
902
439
109
474
468
658
660
145
747
958
378
222
435
189
802
27
242
653
846
75
998
295
452
696
552
258
915
376
805
315
685
440
799
505
872
969
91
686
368
962
116
184
767
838
472
872
920
944
569
546
56
980
455
7
398
400
244
719
740
163
33
387
990
204
359
603
987
454
616
3
450
403
630
939
679
14
980
382
390
94
28
403
614
744
465
923
834
467
959
866
716
802
111
90
403
949
207
372
495
146
513
8
665
523
155
200
913
7
79
319
211
669
772
727
41
157
988
428
191
186
631
83
578
510
497
856
283
412
23
342
235
108
392
839
959
770
465
294
677
920
257
715
175
789
935
72
569
253
745
946
766
468
646
410
775
974
942
852
86
560
400
391
528
644
460
902
369
56
786
903
821
865
299
642
564
199
103
644
301
144
126
101
38
921
603
702
323
266
493
519
221
754
376
752
29
138
452
574
193
454
861
593
598
266
819
604
215
642
306
236
749
21
284
20
352
850
86
472
181
698
872
729
424
48
513
81
339
823
242
735
215
964
578
53
139
396
570
376
459
254
562
296
298
84
508
336
4
949
590
584
717
663
326
930
150
196
513
82
161
171
765
1
778
48
577
555
281
766
833
775
182
100
565
855
276
613
148
650
849
149
133
486
636
864
703
465
416
341
834
882
912
732
789
723
251
28
713
795
435
504
254
281
528
707
997
835
114
201
926
832
231
767
642
818
122
550
683
256
261
92
379
426
576
372
682
759
490
223
524
516
719
979
315
646
898
995
521
738
421
215
320
722
592
821
29
267
462
280
546
421
982
448
268
314
616
266
644
467
678
114
530
655
357
942
326
894
20
580
177
493
213
103
484
898
553
486
654
410
585
158
636
585
666
409
68
266
833
366
708
408
487
107
697
965
750
617
433
248
573
7
828
844
609
626
865
206
69
635
861
479
826
600
898
340
426
64
333
586
202
705
736
182
846
5
978
315
938
77
379
205
798
979
716
190
673
318
742
231
114
66
443
754
466
335
874
549
94
731
294
466
340
90
193
356
11
605
237
468
600
472
740
229
726
433
832
517
342
30
997
525
152
277
638
707
585
866
405
582
365
429
935
449
270
178
375
236
957
101
858
535
593
197
388
288
878
928
616
927
728
919
341
144
208
388
903
89
510
545
700
237
120
563
153
736
657
399
643
628
453
844
906
747
644
257
98
86
334
488
957
181
278
227
550
648
562
285
679
614
673
269
797
123
102
471
594
111
572
499
723
845
59
882
659
457
122
438
944
598
893
529
725
87
689
201
768
332
517
947
852
40
379
941
570
48
472
720
355
710
728
998
409
399
590
728
847
137
571
299
598
234
915
468
9
413
688
402
971
230
402
347
992
16
876
313
721
860
21
734
980
93
477
30
92
842
886
285
180
379
174
785
26
208
554
808
809
206
20
236
199
876
336
86
185
77
52
450
556
70
494
170
998
867
578
973
227
693
812
385
52
127
523
542
101
937
215
821
414
172
229
122
92
775
928
997
433
113
433
191
674
0
194
611
615
65
968
50
640
977
256
557
606
212
315
372
223
108
28
636
486
901
802
785
123
702
577
304
719
362
190
688
578
936
146
33
24
303
686
30
218
686
129
488
665
52
190
315
928
843
985
844
979
34
403
803
130
403
476
925
706
185
897
174
302
671
238
877
634
85
413
992
681
84
600
330
39
949
427
722
281
604
798
733
755
171
265
991
714
124
305
710
580
598
538
888
709
733
541
510
532
499
309
24
349
403
164
627
215
864
179
793
712
985
202
752
896
959
868
13
148
618
303
666
436
201
970
686
567
385
688
460
325
57
565
831
374
147
38
388
665
36
309
736
255
152
725
276
465
936
491
310
230
605
430
266
354
714
457
664
404
629
870
184
767
318
389
659
508
19
461
12
309
899
250
72
4
241
920
841
973
756
895
169
362
77
744
141
862
208
206
767
884
967
232
369
593
35
790
767
799
996
234
364
51
235
378
632
657
358
827
216
382
196
176
886
311
458
250
619
936
412
994
482
967
408
478
559
523
8
488
256
663
558
645
467
243
645
708
328
205
877
813
560
635
384
373
838
372
747
287
420
304
639
308
842
982
928
103
531
957
925
306
544
116
385
541
273
917
689
665
80
543
912
735
729
124
335
166
944
979
609
445
729
375
86
741
189
87
6
859
219
279
129
781
54
702
429
491
198
857
439
544
889
865
309
704
971
689
419
108
436
859
516
804
657
539
540
597
181
507
628
755
722
89
550
16
58
102
145
390
515
64
927
586
66
426
421
161
535
922
890
159
858
876
908
541
476
101
208
747
18
835
744
591
365
899
466
60
373
594
190
623
263
216
0
134
468
386
799
34
756
327
821
222
299
422
425
784
387
118
881
8
210
957
579
422
102
973
46
369
358
220
492
133
106
443
627
941
494
897
805
274
507
160
708
770
390
257
514
220
821
628
936
603
583
899
789
633
116
559
346
38
685
690
715
817
405
159
896
934
624
783
997
857
746
126
631
986
844
741
56
562
67
817
941
628
737
211
606
559
215
817
237
268
339
246
27
203
447
158
783
378
346
164
672
784
900
839
325
927
148
298
507
545
643
387
512
589
350
583
693
97
672
124
249
738
79
262
331
466
680
214
616
785
533
992
166
615
854
972
344
289
102
184
451
394
231
724
920
396
648
534
220
399
686
606
28
697
745
876
500
182
785
857
74
466
296
820
247
861
122
574
126
711
354
256
816
660
438
427
23
833
166
111
625
176
385
305
807
336
490
127
679
345
297
294
494
678
60
30
954
363
911
211
0
937
793
432
729
616
801
311
867
629
753
268
549
628
826
243
706
256
8
887
977
272
520
413
28
316
559
839
833
217
125
365
646
120
154
769
288
862
551
410
13
848
32
20
136
749
992
430
965
928
542
324
781
310
847
853
252
453
611
64
626
542
596
267
327
820
949
84
395
485
312
203
212
265
707
215
801
16
795
784
943
697
409
974
210
57
668
240
790
264
808
583
886
482
85
60
733
468
539
95
851
598
709
386
570
760
27
765
930
8
308
979
121
387
939
437
583
905
770
341
458
102
284
646
597
206
744
178
134
673
523
820
568
104
220
103
542
391
550
718
873
483
602
366
795
157
307
913
29
735
862
676
655
191
25
27
14
906
955
196
923
451
349
641
585
396
792
250
471
83
382
650
23
297
837
281
221
808
2
202
108
755
890
981
366
466
23
640
131
565
264
906
380
689
546
8
752
193
294
635
286
175
707
274
740
795
406
508
935
83
518
400
652
892
653
673
999
663
116
996
674
888
142
852
368
683
881
432
419
936
528
819
803
177
716
132
119
344
395
47
897
599
201
740
997
634
415
150
546
768
154
135
108
906
990
490
873
370
202
329
603
624
453
272
725
473
217
297
762
338
519
114
882
379
939
748
446
727
905
797
118
330
64
465
937
140
903
28
301
862
205
107
664
514
261
987
342
88
258
514
3
726
719
373
859
88
394
785
576
168
706
143
717
616
87
762
329
669
369
122
341
374
59
614
857
886
537
637
828
454
736
517
915
183
333
704
844
29
312
348
395
56
634
234
925
224
774
562
259
830
340
876
873
67
83
690
16
43
256
572
944
410
90
484
610
938
392
971
741
915
749
459
719
901
666
568
215
234
685
537
904
447
929
610
593
204
302
311
403
314
162
434
874
437
304
581
864
482
624
951
574
634
71
512
564
79
241
87
411
527
996
727
481
903
711
629
852
762
123
53
555
818
624
237
386
422
211
114
492
557
150
938
486
177
888
730
217
455
423
721
760
463
892
164
635
143
654
147
588
285
730
788
744
164
169
519
831
126
114
218
48
235
553
373
510
713
960
169
704
149
741
308
24
505
868
552
57
294
655
134
623
28
83
988
978
519
325
262
987
252
701
92
818
309
577
217
494
281
285
484
15
840
650
442
689
293
500
891
402
813
73
772
134
119
759
726
0
540
477
900
980
609
668
74
595
363
663
876
710
98
409
629
415
697
766
930
524
341
909
782
829
947
428
159
185
95
341
136
827
443
240
312
291
413
560
259
906
772
642
440
478
20
491
691
367
447
170
28
721
335
990
655
467
433
401
909
959
364
725
955
444
931
622
898
288
287
160
879
17
401
346
212
310
310
932
54
145
307
101
440
824
67
488
8
484
31
367
320
458
277
120
520
568
501
327
202
154
264
869
766
926
673
696
15
301
104
979
470
451
53
727
86
960
274
153
471
248
524
166
903
104
291
277
694
194
672
524
520
35
15
862
48
907
501
379
819
132
947
424
755
262
948
144
638
683
99
355
206
631
257
31
618
674
38
28
12
513
757
236
828
585
85
627
453
430
356
707
575
675
559
603
557
290
48
377
912
359
255
469
508
8
61
353
408
64
789
750
772
756
787
488
854
653
729
964
310
239
199
456
451
850
531
165
893
751
666
377
476
13
702
416
968
724
25
756
667
753
224
594
637
356
355
694
238
439
772
682
241
584
550
27
63
464
328
301
73
61
674
561
114
21
735
731
780
395
564
488
234
111
896
560
871
17
844
200
373
495
981
972
543
680
648
819
11
983
125
283
778
675
431
967
291
110
827
190
503
837
583
798
701
160
301
424
569
411
127
278
97
724
533
266
737
710
830
625
575
685
971
928
753
786
858
869
221
897
321
650
993
906
9
789
341
741
502
507
357
714
100
431
467
687
244
77
245
667
383
396
787
971
18
595
340
554
826
931
33
351
738
277
938
194
795
30
872
582
580
744
530
373
218
19
452
64
801
228
93
975
156
316
591
897
897
956
949
643
72
279
608
326
238
786
626
724
685
551
999
531
646
544
680
270
658
634
74
583
69
319
63
98
788
729
916
102
577
228
122
453
52
667
504
31
852
198
713
97
910
474
642
19
525
930
464
555
923
493
735
932
551
31
381
699
408
372
672
348
433
938
165
887
245
79
35
793
324
851
383
113
31
455
170
136
449
702
904
884
6
578
818
615
160
587
262
947
167
444
684
281
249
694
285
355
924
425
424
294
967
856
189
540
327
4
397
88
753
740
857
651
922
964
458
487
447
291
289
515
779
841
297
902
987
881
754
231
616
11
647
868
805
405
281
185
871
99
893
668
181
933
243
983
248
952
937
61
837
456
184
577
673
852
998
331
941
426
907
628
642
604
359
436
501
3
340
826
758
108
136
324
422
784
351
743
280
776
54
969
698
240
658
277
611
228
794
40
119
337
450
161
345
133
434
38
56
161
719
741
877
629
360
87
268
37
531
300
105
59
289
891
37
582
95
497
841
113
375
388
634
166
150
952
558
221
495
602
718
239
528
947
604
424
476
111
918
53
737
758
372
658
570
467
735
727
407
619
634
348
644
856
774
778
375
623
672
652
78
639
302
678
249
428
874
645
379
434
981
199
983
957
216
820
577
152
79
237
874
300
55
236
720
276
698
580
558
232
104
674
935
318
800
621
193
207
111
674
415
449
937
155
887
8
798
489
670
523
534
215
609
629
424
705
173
600
742
293
497
873
526
160
802
624
613
132
271
510
301
825
143
436
441
450
664
225
301
769
425
276
435
846
786
731
620
147
554
668
116
179
825
146
865
213
95
731
781
516
461
831
145
33
571
490
789
619
593
958
934
229
402
227
991
88
950
705
475
115
863
136
202
585
470
853
378
98
983
863
983
388
570
635
446
467
691
901
686
510
788
992
465
596
74
80
122
215
709
149
918
624
548
315
256
396
729
64
808
5
80
134
76
676
774
890
722
453
175
3
476
283
728
151
613
527
663
354
619
811
504
169
365
315
273
406
711
510
728
589
156
289
915
542
19
620
313
67
517
786
447
789
374
643
189
994
426
604
842
995
146
2
373
67
255
59
454
193
870
974
197
970
981
299
305
672
717
237
259
608
936
111
379
603
541
141
315
819
977
341
268
761
776
230
958
188
53
888
652
812
446
772
926
487
100
709
976
996
945
390
284
455
571
310
756
677
776
570
314
120
826
946
507
69
525
479
193
75
14
762
945
55
559
809
309
926
352
726
874
874
120
720
892
57
805
958
648
826
984
569
762
738
92
785
113
686
744
811
616
314
883
570
326
297
968
460
800
342
603
182
926
482
602
178
883
830
47
23
40
524
13
322
764
641
384
924
389
502
730
836
130
687
732
127
772
339
842
949
457
454
738
837
971
651
86
260
729
694
728
402
133
57
350
557
326
605
870
354
14
523
651
937
703
483
352
945
241
261
452
44
935
791
439
148
139
567
213
774
663
73
769
454
341
370
891
83
985
909
205
228
726
110
82
347
598
494
327
697
375
567
551
290
954
617
106
499
933
764
262
841
283
358
649
699
298
295
637
483
646
267
605
161
636
743
239
73
985
248
35
982
260
649
459
846
834
164
234
200
377
203
154
124
254
214
641
818
851
711
532
421
43
429
543
393
376
558
515
435
327
241
569
96
738
947
439
345
727
399
40
493
943
891
448
367
377
505
737
954
527
692
159
338
514
652
979
165
258
507
406
65
688
8
124
32
96
324
395
570
617
332
532
545
783
262
881
323
978
903
256
411
608
356
743
753
921
623
968
107
810
429
351
140
964
54
378
405
301
997
640
777
88
169
973
453
569
794
61
591
987
976
238
422
821
248
380
498
34
304
287
14
544
518
663
147
884
851
267
63
75
534
590
70
20
855
187
7
885
928
3
547
699
635
285
913
342
496
877
414
683
693
503
139
652
388
293
119
6
911
752
246
817
391
372
98
429
373
487
394
531
384
132
648
474
225
250
743
795
115
146
420
766
456
441
668
542
935
370
167
491
946
121
659
911
375
219
820
396
141
745
27
291
74
743
125
503
594
784
157
324
707
740
284
546
295
717
944
607
249
662
179
563
939
381
165
189
416
770
972
831
613
552
716
629
958
309
58
812
94
557
405
449
294
155
15
351
650
738
239
685
233
808
123
583
844
332
557
467
328
74
139
479
215
829
964
762
883
941
767
256
277
961
590
746
717
222
467
341
699
632
290
65
214
392
976
669
115
32
322
474
512
819
912
453
641
984
435
584
122
160
189
59
502
253
48
167
936
486
507
276
353
856
224
252
801
104
97
847
713
94
108
920
488
332
732
391
20
448
490
209
995
589
35
277
99
873
508
416
799
594
612
748
259
354
633
964
562
805
318
435
565
625
491
270
199
118
581
839
519
213
184
963
942
565
562
494
594
588
393
646
41
371
272
949
338
93
734
907
881
2
320
355
105
751
512
900
871
320
221
636
44
760
965
392
827
296
104
199
556
190
592
759
216
512
54
135
246
834
742
696
261
837
325
358
267
160
834
403
918
954
491
685
233
361
746
719
561
861
312
174
520
729
615
573
762
123
302
163
838
361
497
698
328
630
640
796
956
29
121
585
805
446
776
796
231
775
830
919
481
517
839
804
296
739
672
350
240
481
209
951
780
713
304
963
592
574
342
84
580
558
894
240
188
394
539
536
150
91
985
418
507
159
423
73
658
620
435
876
98
972
206
20
166
954
394
290
918
268
57
240
819
506
904
838
539
270
252
377
374
884
907
319
447
860
647
30
119
957
198
613
367
156
109
259
133
709
623
391
522
722
488
111
17
354
63
837
217
955
3
319
486
755
453
246
693
27
567
321
695
661
723
475
201
232
743
82
249
322
615
730
507
45
652
377
861
909
212
372
167
737
121
730
112
95
406
735
293
549
624
892
138
902
697
357
638
577
475
275
658
928
619
451
331
63
340
550
936
468
886
331
757
7
549
810
74
553
15
306
646
882
729
590
704
869
505
603
71
903
521
221
168
224
578
682
336
472
656
511
634
350
13
513
939
869
472
359
237
801
919
159
505
193
946
558
152
12
154
772
12
864
106
599
626
625
829
999
219
72
784
434
315
900
753
240
17
533
921
474
665
302
454
14
510
754
811
774
676
339
884
874
92
527
533
691
617
108
475
426
796
910
685
96
75
254
659
743
183
380
240
617
925
9
116
504
653
14
709
813
274
346
96
900
65
58
418
912
925
137
940
507
2
66
630
873
281
571
210
470
748
901
549
85
323
201
402
475
813
293
800
315
914
87
116
290
801
570
154
670
142
503
184
163
127
869
203
206
502
500
351
622
145
294
49
239
433
879
127
760
456
855
90
56
302
341
970
933
757
46
211
45
60
718
256
832
345
983
301
365
811
16
417
77
158
95
947
805
800
602
875
872
468
66
597
572
645
978
842
467
813
647
376
413
974
88
435
404
953
247
827
760
549
48
208
396
691
553
835
345
472
419
623
305
786
705
184
71
886
822
611
445
665
868
206
982
149
706
929
213
831
142
301
557
31
619
148
427
536
252
778
481
696
170
274
773
2
722
956
521
706
259
549
403
896
686
807
792
890
159
107
581
515
787
20
830
304
242
430
395
300
719
687
671
530
254
428
434
59
405
399
26
521
462
928
94
980
412
666
19
698
588
264
506
124
479
591
946
919
453
333
810
16
355
786
738
460
23
614
898
559
524
11
754
787
330
877
716
203
535
207
367
352
628
160
974
436
385
398
105
933
43
369
329
68
199
75
569
783
159
519
756
916
948
600
474
623
316
755
687
278
951
775
141
363
237
947
184
41
82
674
642
602
132
211
361
192
4
635
654
227
595
295
48
435
192
516
248
727
671
314
405
733
427
953
243
442
327
474
784
724
554
193
423
990
561
994
529
244
90
90
544
24
526
718
29
540
173
962
277
457
593
771
184
751
140
869
411
110
371
749
102
781
656
742
911
825
194
246
136
200
952
606
391
445
702
565
173
7
454
375
594
982
146
733
87
638
905
500
211
87
633
10
754
235
652
486
706
642
990
656
472
155
262
433
947
428
131
236
167
267
537
44
526
670
347
40
857
512
483
365
45
597
864
123
500
392
984
67
400
178
326
911
40
94
333
362
28
715
78
825
611
338
30
570
0
392
772
156
760
150
969
760
911
599
609
415
84
978
193
508
258
209
674
323
256
817
581
961
283
251
599
126
394
354
182
329
82
526
252
10
435
216
636
62
875
559
435
374
466
306
770
73
838
175
529
668
56
548
365
647
958
20
773
90
314
572
417
7
595
182
412
690
42
189
164
190
368
675
935
649
54
576
73
875
301
92
107
347
824
326
918
611
134
437
936
365
388
600
798
606
498
441
131
746
189
207
872
144
118
884
957
887
240
340
870
569
871
175
953
759
624
849
415
126
491
192
986
760
80
469
798
437
585
655
314
356
932
756
489
933
221
394
140
593
97
269
34
820
373
377
867
929
272
395
369
238
6
243
304
778
375
493
760
589
943
144
425
927
311
445
614
412
837
844
148
733
679
924
685
674
229
154
904
111
264
669
236
77
557
983
69
851
399
942
437
229
564
267
879
259
46
234
256
213
726
684
671
205
492
450
974
189
929
466
681
188
80
655
343
547
18
844
711
572
498
369
525
837
200
585
420
617
610
739
598
816
480
560
882
833
254
108
302
965
559
241
533
501
880
296
194
398
700
225
454
996
302
518
287
669
739
394
585
656
385
159
697
174
291
625
288
367
903
589
404
448
41
679
357
324
809
586
167
624
906
32
547
339
285
948
699
62
670
494
94
265
508
816
248
390
647
767
646
489
821
860
425
864
358
179
609
856
993
403
275
600
846
135
494
978
741
877
610
127
7
957
298
186
332
148
356
40
172
146
207
807
378
312
916
212
630
414
160
689
706
284
481
943
23
447
822
752
112
335
276
825
135
287
734
165
351
716
69
85
555
889
777
623
389
458
606
877
505
560
283
416
738
813
615
116
541
80
852
661
821
11
824
122
39
795
34
338
351
200
234
188
546
94
188
635
350
394
559
714
766
761
665
20
331
230
381
591
104
650
927
402
508
713
327
68
765
994
781
535
27
167
716
934
266
127
529
770
509
104
550
195
263
896
90
877
171
894
428
689
480
277
648
598
725
833
729
23
195
132
655
750
826
3
410
377
900
629
912
349
330
924
460
800
907
119
832
132
164
286
508
504
37
48
639
265
312
186
612
889
343
729
57
670
878
978
461
887
231
903
240
387
957
845
576
858
747
548
953
15
429
239
84
215
439
324
547
651
21
637
971
348
219
41
179
912
526
21
580
679
642
831
442
292
518
676
363
704
125
808
773
761
302
934
956
539
22
433
580
397
588
475
204
696
269
291
236
251
562
108
192
746
47
955
934
472
821
113
388
755
218
259
637
223
799
982
334
510
114
439
667
606
661
570
352
235
935
208
701
695
530
407
593
391
29
629
922
960
426
508
396
506
570
997
681
491
688
38
367
167
947
677
528
7
176
682
94
583
328
560
373
876
654
133
718
694
931
171
177
251
573
493
538
461
790
621
64
812
417
181
314
934
50
221
674
94
982
157
287
435
88
11
5
123
374
927
144
584
467
869
417
465
487
659
840
972
84
236
666
827
418
76
69
476
549
877
106
685
373
993
890
264
455
801
677
691
578
13
390
532
180
53
459
723
838
416
731
632
493
146
233
406
571
507
472
536
406
422
151
132
166
543
40
85
501
137
188
301
906
735
849
554
214
481
606
536
747
522
53
416
122
695
458
816
204
146
236
402
179
904
858
873
554
279
280
530
898
197
434
296
910
557
16
442
777
723
418
112
319
162
286
308
442
195
832
550
398
249
713
443
262
107
67
118
784
25
795
703
150
659
32
484
127
63
868
373
678
545
249
52
873
335
549
837
220
461
865
962
911
727
662
802
342
550
409
163
479
493
409
325
593
476
854
601
539
956
484
994
555
452
9
419
408
699
139
377
130
511
861
403
952
77
252
703
10
258
5
70
785
514
353
659
395
800
867
312
652
829
585
802
113
219
562
973
142
724
224
851
603
167
381
849
714
684
290
379
388
223
766
761
293
738
732
745
557
54
992
440
576
322
67
835
192
360
101
99
42
307
379
184
439
454
9
741
371
49
225
444
963
477
397
619
274
3
593
472
445
399
477
273
481
267
929
215
929
353
305
412
756
696
820
154
805
132
352
446
245
263
912
989
55
484
321
725
986
966
857
735
725
964
288
492
677
79
652
302
58
951
184
688
611
955
940
848
631
0
43
492
175
69
616
715
816
748
827
550
900
170
851
278
659
147
724
8
230
296
515
838
381
874
927
631
457
340
235
363
516
292
737
103
680
562
473
336
462
972
618
262
704
281
8
854
345
316
799
589
651
804
511
577
832
114
592
106
821
690
376
410
589
278
115
432
266
191
26
643
345
901
495
493
534
545
240
62
245
881
90
235
900
148
271
815
877
863
723
208
216
431
444
477
576
199
112
791
884
292
764
741
345
479
746
732
974
635
794
46
121
912
964
643
688
456
300
694
347
352
352
426
296
177
158
828
806
31
993
954
934
321
742
508
478
922
986
466
593
271
326
495
564
59
742
132
873
744
46
136
673
246
838
407
774
592
111
576
671
21
742
91
800
85
961
674
57
182
16
808
405
365
670
408
302
400
839
719
830
611
60
604
585
785
29
31
506
998
839
608
164
387
366
601
314
514
828
975
760
178
499
100
643
645
759
561
590
520
392
651
615
314
303
643
410
105
334
570
333
66
749
124
107
311
666
509
292
654
624
993
100
335
52
848
523
958
244
347
54
274
864
32
269
461
910
340
844
918
881
993
309
587
121
405
925
786
233
533
462
442
805
322
654
349
850
948
174
41
107
164
149
488
440
198
278
12
890
863
879
135
893
195
939
706
949
506
339
4
148
91
304
630
698
634
829
884
862
527
474
750
508
727
163
952
96
878
579
583
890
620
107
405
779
0
176
991
326
795
436
893
514
527
747
393
39
911
168
572
775
104
985
525
248
289
985
267
367
263
92
606
735
636
952
648
42
393
491
290
759
185
903
652
996
344
165
725
206
451
977
84
839
434
250
694
303
956
565
697
742
705
186
936
888
710
439
984
675
821
731
642
157
667
494
683
746
742
455
40
748
558
231
62
555
890
260
472
752
839
688
82
36
485
675
246
454
723
422
573
461
124
34
441
307
777
24
424
707
81
890
803
860
150
433
880
989
778
993
892
852
130
506
157
90
810
129
96
945
329
54
542
441
143
679
125
399
828
445
516
79
954
492
670
836
389
921
651
693
402
104
411
498
566
468
4
231
352
26
166
744
730
392
989
447
36
233
863
569
978
4
871
855
808
503
345
684
50
398
526
474
152
233
66
995
194
156
365
348
408
600
487
180
742
786
816
566
502
410
871
290
934
551
368
283
323
378
955
517
686
632
91
469
422
700
20
54
606
452
257
817
737
530
517
452
419
422
360
678
90
137
484
210
173
765
929
170
107
20
213
623
160
759
200
302
227
577
552
492
475
66
200
573
795
175
222
633
667
82
461
153
586
862
928
616
25
695
136
277
161
783
952
929
112
443
214
620
584
616
61
68
480
80
913
273
663
649
299
506
398
384
462
684
165
177
9
973
593
915
382
228
181
2
121
235
30
484
693
863
363
553
300
416
149
636
926
436
652
511
492
960
138
542
213
458
700
659
960
849
525
370
795
598
325
229
563
287
179
515
237
728
670
804
677
573
787
712
197
999
234
537
433
523
425
70
528
913
989
866
597
986
550
604
934
755
147
928
701
698
366
462
414
167
769
537
184
989
545
651
959
761
809
951
105
666
338
847
960
49
994
39
319
539
707
226
937
628
894
851
846
727
15
390
527
459
83
601
164
752
583
325
180
475
706
425
149
966
574
585
101
123
907
402
952
762
813
674
138
865
975
894
663
804
791
660
385
605
732
58
387
589
373
510
564
988
948
383
789
406
836
596
206
183
542
860
670
624
762
757
842
673
260
937
472
233
437
998
300
165
300
189
435
637
468
510
318
333
720
929
601
147
140
488
877
532
413
299
234
196
228
812
393
749
247
77
641
727
241
198
784
186
996
491
13
672
195
765
620
406
132
152
585
220
814
237
608
731
496
825
828
958
963
78
335
117
432
392
962
174
572
650
157
44
491
138
481
645
195
243
684
590
763
50
557
298
731
883
168
131
389
988
684
32
261
322
19
519
934
107
578
565
573
580
402
68
385
596
550
844
955
816
927
990
810
912
220
228
306
602
365
645
158
558
225
712
964
450
695
494
105
735
754
301
700
275
313
914
439
168
750
39
435
884
268
573
707
171
399
731
804
331
439
904
795
518
925
398
759
661
185
368
153
930
875
189
722
391
880
261
340
749
799
331
979
448
365
28
45
241
270
703
263
908
901
565
218
300
910
435
343
755
514
726
287
870
906
214
950
647
368
510
240
845
2
770
172
874
376
834
576
524
129
679
269
702
0
844
509
551
429
807
723
132
441
175
338
641
474
695
544
133
776
388
451
479
15
740
213
828
966
728
516
331
927
68
486
218
721
212
211
137
82
369
219
487
768
580
138
317
554
897
136
464
74
880
446
123
382
105
542
572
231
470
474
725
666
221
120
22
782
397
261
369
588
153
231
423
493
132
375
953
9
492
743
160
732
225
160
929
998
296
984
972
843
611
290
220
0
595
157
748
943
689
58
543
557
65
936
297
354
976
202
748
520
255
388
270
495
224
690
801
417
457
66
722
674
727
658
775
474
53
197
931
630
861
394
403
411
414
285
606
357
583
699
192
191
139
408
208
539
165
827
323
5
837
468
816
563
652
44
334
984
404
78
98
305
484
61
910
999
691
615
910
247
682
872
684
710
503
217
991
616
127
755
599
787
860
879
149
391
239
767
289
242
792
490
683
937
148
172
702
753
254
732
369
735
257
659
840
652
812
10
163
374
983
122
342
603
589
761
377
239
907
612
248
151
536
432
949
462
469
142
172
225
103
295
976
807
851
691
260
179
241
56
173
36
556
737
318
484
497
965
59
224
22
290
35
200
365
913
456
320
552
707
160
854
415
37
553
413
496
760
224
105
839
637
995
27
535
639
976
280
927
808
821
901
280
441
154
997
646
20
900
919
597
604
955
433
238
936
990
778
18
819
765
831
758
648
743
740
327
956
445
189
632
228
350
629
170
865
861
502
620
921
505
706
523
960
595
875
27
815
309
94
262
51
825
413
861
993
823
372
133
817
603
604
308
168
934
199
132
59
92
331
238
792
631
563
507
599
498
441
647
42
832
521
103
33
101
722
884
657
245
326
641
277
780
429
218
421
694
444
701
214
768
916
21
890
470
640
820
42
902
518
601
529
477
794
899
35
969
56
205
166
615
737
866
16
750
295
570
553
116
164
366
682
255
344
968
782
510
362
919
968
657
145
34
269
998
546
106
492
790
525
373
595
375
244
80
715
275
116
749
446
217
127
478
744
371
56
416
581
607
352
123
217
130
177
265
798
746
450
133
297
370
130
47
861
260
760
45
677
794
690
475
524
149
908
574
375
682
612
109
173
218
740
705
94
136
127
487
194
137
680
716
739
735
527
824
894
910
629
846
670
499
242
411
522
129
517
749
943
438
692
734
833
93
388
497
830
941
859
300
851
419
380
310
803
123
652
947
933
493
235
294
622
494
44
94
24
971
0
660
817
333
95
316
302
586
665
586
49
560
589
175
472
976
200
932
401
224
632
758
299
545
929
755
158
402
488
235
86
789
70
915
452
817
743
590
406
415
443
853
607
153
421
297
538
952
754
621
139
941
948
313
87
666
568
853
61
761
389
419
381
829
783
449
72
249
138
861
47
830
562
665
753
400
578
185
376
395
700
442
787
394
665
774
705
56
745
773
812
323
380
638
356
405
626
686
758
509
441
912
676
981
597
719
430
661
869
304
322
417
124
946
808
918
500
474
641
515
554
651
586
822
982
291
539
428
825
380
821
388
396
632
514
550
630
198
743
280
758
453
328
426
